0.71071
0
0.5265
0.66234
0
0.57132
0.31529
0.28168
0
0.72373
0.43757
0
0
0.41248
0.0036609
0.23613
0.54495
0
0.46948
0
0.27298
0.35947
0
0.004354
0.2373
0.082158
0.91441
0.25153
0.13829
0
0.43168
0.15387
0.22673
0.80159
0
0.28772
0.42401
0.074264
0
0.36759
0.63263
0.92151
0
0.19787
0.34416
0.1855
0.51449
0.18579
0.075182
0.70607
0
0.48744
0.41465
0
0.3865
0
0
0
0.21644
0.033007
0.38674
0.14134
0
0.48601
0.47328
0.24098
0.020046
1
0.13477
0.033207
0.3847
0.11069
0.041539
1
0.25242
0.11393
0.75886
0.23854
0
0.093222
0
0.10229
0.29005
0.28874
0.19388
0.057955
0
0.14873
0.16219
0
0.58697
0.063406
0
0.52244
0.33789
0
0.40911
0.44424
0.71813
0.73465
0.55747
0.77776
0.20971
0.52075
0.0043047
0.57319
0.14775
0.43241
0.33536
0.45376
0.26788
0.20181
0.16875
0.49359
0.073002
0.32176
0.0047626
0.72437
0.24062
0.20466
0.13798
0.66603
0.72197
0.90678
0.62401
0.81648
0.33754
0.16094
0
0
0.16195
0
0
0
0
0.076259
0
0
0
0
0.53364
0.31161
0
0
0
0
0.33381
0.1269
0.017604
0
0.9607
0.89192
0.69955
0.67435
0.19692
0
0.051165
0
0.32603
0.50308
0
0
0.21218
0.28046
0
0
0.92796
0.88256
0.69286
0.77985
0
0
0
0
