1
1
0.99143
0.99913
1
0.96042
0.98295
0.99679
1
0.9775
0.97162
1
1
1
1
0.98044
0.95606
0.98954
0.89503
1
1
0.98421
1
1
1
1
0.93382
0.98741
0.87302
1
1
1
1
1
1
0.93412
0.8342
1
1
1
1
1
1
1
1
1
0.99011
1
1
1
1
1
1
1
1
1
1
1
1
0.99099
0.99019
0.99275
1
1
1
0.99889
1
1
1
1
1
0.93182
0.94783
1
1
1
0.99478
1
1
1
1
1
1
0.98246
0.86175
1
1
1
1
1
0.99843
1
1
1
1
1
1
0.98529
1
1
1
0.9841
1
0.99565
1
1
0.97834
1
1
1
1
1
0.73068
0.96133
0.97987
0.99843
1
1
1
1
1
1
1
0.96784
1
0.98708
1
1
1
1
1
1
1
1
1
1
1
1
1
1
1
1
1
1
1
1
1
1
1
1
1
1
1
1
1
1
1
1
0.99517
1
1
1
1
1
1
1
1
1
1
1
1
1
1
1
