0.75009
0
0.53782
0.78333
0
0.60979
0.31529
0.52679
0
0.72809
0.57792
0
0
0.46149
0.0036609
0.23613
0.54169
0.45424
0.44054
0
0.5131
0.37481
0
0.0058288
0.2373
0.077145
1.5873
0.28496
0.1356
0
0.43168
0.29089
0.23098
0.80215
0
0.2774
0.42401
0.070417
0
0.49622
1.0567
0.9234
0
0.20206
0.36105
0.32096
0.61622
0.18579
0.074362
0.69961
0
0.48744
0.41893
0
0.39396
0
0
0
0.21644
0.033007
0.38635
0.13991
0
0.51389
0.4697
0.2712
0.020032
1
0.13477
0.033207
0.65692
0.11022
0.041472
1.3611
0.25242
0.13406
0.844
0.24423
0
0.093047
0
0.11244
0.29005
0.39001
0.20999
0.056684
0
0.14873
0.15175
0
0.64304
0.053583
0
0.51984
0.36444
0
0.40998
0.51691
0.89652
0.73465
0.63976
0.9563
0.19112
0.63721
0.0042918
0.63433
0.14749
0.43051
0.40362
0.51093
0.26284
0.22218
0.16766
0.5807
0.071429
0.33086
0.0047541
0.79085
0.33862
0.22627
0.1369
0.69372
0.84622
0.9015
0.80427
1.1151
0.33917
0.16094
0
0
0.15323
0
0
0
0
0.076259
0
0
0
0
0.52936
0.30821
0
0
0
0
0.34334
0.12617
0.017604
0
1.0567
0.89192
0.87992
0.78251
0.19692
0
0.051165
0
0.35494
0.61135
0
0
0.23255
0.44956
0
0
0.99947
0.88279
0.94604
1.0395
0
0
0
0
